b0
 10110000 260 176 
35
 00110101 65 53 
9a
 10011010 232 154 
b8
 10111000 270 184 
f7
 11110111 367 247 
84
 10000100 204 132 
9c
 10011100 234 156 
48
 01001000 110 72 
c0
 11000000 300 192 
cd
 11001101 315 205 
a5
 10100101 245 165 
24
 00100100 44 36 
66
 01100110 146 102 
16
 00010110 26 22 
89
 10001001 211 137 
91
 10010001 221 145 
a4
 10100100 244 164 
a4
 10100100 244 164 
14
 00010100 24 20 
fb
 11111011 373 251 
98
 10011000 230 152 
d7
 11010111 327 215 
c1
 11000001 301 193 
b3
 10110011 263 179 
f0
 11110000 360 240 
50
 01010000 120 80 
d9
 11011001 331 217 
ee
 11101110 356 238 
2c
 00101100 54 44 
ef
 11101111 357 239 
89
 10001001 211 137 
38
 00111000 70 56 
9f
 10011111 237 159 
f2
 11110010 362 242 
3c
 00111100 74 60 
5b
 01011011 133 91 
89
 10001001 211 137 
42
 01000010 102 66 
63
 01100011 143 99 
d6
 11010110 326 214 
52
 01010010 122 82 
5f
 01011111 137 95 
33
 00110011 63 51 
5f
 01011111 137 95 
7f
 01111111 177 127 
02
 00000010 2  2  
88
 10001000 210 136 
7b
 01111011 173 123 
5c
 01011100 134 92 
87
 10000111 207 135 
